MY ANSWERS

Order for each photo: copies, broken, fused, warped, pattern
(first four: 0 to 3; pattern: 0 or 1)
Example:  1: 0 1 0 2 0

1: 0 0 1 2 0
2: 0 1 2 2 0
3: 0 0 0 0 0
4: 0 0 0 0 0
5: 0 0 0 1 0
6: 1 2 3 3 1
7: 3 0 2 2 0
8: 2 1 0 0 0
9: 0 0 0 1 0 
10: 0 1 2 1 0  
11: 0 0 0 0 0
12: 1 0 0 1 0
13: 0 0 0 0 0
14: 2 1 2 3 0
15: 1 1 2 2 1
16: 0 0 0 0 0
17: 3 0 0 0 0
18: 1 0 0 0 1
19: 1 1 2 2 0 
20: 1 0 1 1 1
21: 2 0 0 0 0
22: 0 1 2 2 0
23: 0 0 0 0 0
24: 0 0 0 0 0 
25: 1 0 1 1 0 
26: 0 0 1 1 0
27: 0 0 1 0 0
28: 0 0 1 0 0 
